
start bubblesort with arraysize 64

start bubblesort with sorted values, arraysize64 
 249 
 249 
 249 
 249 
 249 
 249 
 249 
 249 
 249 
 249 
 249 
 249 
 249 
 249 
 249 
 249 
 249 
 249 
 249 
 249 
 249 
 249 
 249 
 249 
 249 
 249 
 249 
 249 
 249 
 249 
 249 
 249 
 249 
 249 
 249 
 249 
 249 
 249 
 249 
 249 
 249 
 249 
 249 
 249 
 249 
 249 
 249 
 249 
 249 
 249 
 249 
 249 
 249 
 249 
 249 
 249 
 249 
 249 
 249 
 249 
 249 
 249 
 249 
 249 
 249 
 249 
 249 
 249 
 249 
 249 
 249 
 249 
 249 
 249 
 249 
 249 
 249 
 249 
 249 
 249 
 249 
 249 
 249 
 249 
 249 
 249 
 249 
 249 
 249 
 249 
 249 
 249 
 249 
 249 
 249 
 249 
 249 
 249 
 249 
 249 
start bubblesort with unsorted values, arraysize 64 
 385 
 381 
 384 
 400 
 400 
 404 
 401 
 390 
 392 
 399 
 398 
 382 
 411 
 400 
 391 
 396 
 390 
 397 
 383 
 398 
 395 
 408 
 399 
 386 
 393 
 392 
 395 
 405 
 393 
 401 
 391 
 398 
 398 
 389 
 395 
 387 
 383 
 390 
 392 
 392 
 397 
 377 
 386 
 386 
 395 
 375 
 398 
 381 
 390 
 386 
 400 
 386 
 398 
 380 
 395 
 399 
 389 
 387 
 394 
 407 
 381 
 386 
 403 
 396 
 401 
 403 
 407 
 392 
 403 
 381 
 393 
 390 
 392 
 383 
 390 
 398 
 390 
 394 
 396 
 382 
 391 
 393 
 392 
 388 
 408 
 397 
 396 
 410 
 391 
 382 
 396 
 398 
 392 
 387 
 405 
 399 
 386 
 395 
 386 
 393 

start bubblesort with arraysize 128

start bubblesort with sorted values, arraysize128 
 985 
 985 
 985 
 985 
 985 
 985 
 985 
 985 
 985 
 985 
 985 
 985 
 985 
 985 
 985 
 985 
 985 
 985 
 985 
 985 
 985 
 985 
 985 
 985 
 985 
 985 
 985 
 985 
 985 
 985 
 985 
 985 
 985 
 985 
 985 
 985 
 985 
 985 
 985 
 985 
 985 
 985 
 985 
 985 
 985 
 985 
 985 
 985 
 985 
 985 
 985 
 985 
 985 
 985 
 985 
 985 
 985 
 985 
 985 
 985 
 985 
 985 
 985 
 985 
 985 
 985 
 985 
 985 
 985 
 985 
 985 
 985 
 985 
 985 
 985 
 985 
 985 
 985 
 985 
 985 
 985 
 985 
 985 
 985 
 985 
 985 
 985 
 985 
 985 
 985 
 985 
 985 
 985 
 985 
 985 
 985 
 985 
 985 
 985 
 985 
start bubblesort with unsorted values, arraysize 128 
 1518 
 1527 
 1541 
 1539 
 1514 
 1566 
 1535 
 1515 
 1542 
 1540 
 1525 
 1538 
 1527 
 1569 
 1522 
 1530 
 1517 
 1525 
 1516 
 1547 
 1556 
 1520 
 1497 
 1545 
 1517 
 1542 
 1550 
 1568 
 1525 
 1534 
 1527 
 1562 
 1478 
 1558 
 1521 
 1539 
 1517 
 1547 
 1555 
 1512 
 1564 
 1548 
 1548 
 1565 
 1564 
 1557 
 1530 
 1530 
 1534 
 1534 
 1548 
 1512 
 1557 
 1528 
 1509 
 1552 
 1521 
 1524 
 1542 
 1552 
 1522 
 1546 
 1532 
 1516 
 1551 
 1560 
 1547 
 1558 
 1531 
 1504 
 1539 
 1556 
 1550 
 1516 
 1545 
 1564 
 1535 
 1485 
 1554 
 1506 
 1536 
 1583 
 1515 
 1534 
 1540 
 1553 
 1550 
 1542 
 1580 
 1534 
 1514 
 1508 
 1514 
 1510 
 1532 
 1496 
 1548 
 1556 
 1543 
 1541 

start bubblesort with arraysize 256

start bubblesort with sorted values, arraysize256 
 3920 
 3920 
 3920 
 3920 
 3920 
 3920 
 3920 
 3920 
 3920 
 3920 
 3920 
 3920 
 3920 
 3920 
 3920 
 3920 
 3920 
 3920 
 3920 
 3920 
 3920 
 3920 
 3920 
 3920 
 3920 
 3920 
 3920 
 3920 
 3920 
 3920 
 3920 
 3920 
 3920 
 3920 
 3920 
 3920 
 3920 
 3920 
 3920 
 3920 
 3920 
 3920 
 3920 
 3920 
 3920 
 3920 
 3920 
 3920 
 3920 
 3920 
 3920 
 3920 
 3920 
 3920 
 3920 
 3920 
 3920 
 3920 
 3920 
 3920 
 3920 
 3920 
 3920 
 3920 
 3920 
 3920 
 3920 
 3920 
 3920 
 3920 
 3920 
 3920 
 3920 
 3920 
 3920 
 3920 
 3920 
 3920 
 3920 
 3920 
 3920 
 3920 
 3920 
 3920 
 3920 
 3920 
 3920 
 3920 
 3920 
 3920 
 3920 
 3920 
 3920 
 3920 
 3920 
 3920 
 3920 
 3920 
 3920 
 3920 
start bubblesort with unsorted values, arraysize 256 
 1760 
 1627 
 1787 
 1775 
 1663 
 1651 
 1665 
 1722 
 1668 
 1707 
 1648 
 1635 
 1689 
 1648 
 1808 
 1717 
 1773 
 1720 
 1730 
 1782 
 1698 
 1841 
 1770 
 1719 
 1627 
 1667 
 1607 
 1682 
 1700 
 1699 
 1820 
 1685 
 1688 
 1758 
 1654 
 1631 
 1773 
 1720 
 1729 
 1652 
 1697 
 1747 
 1676 
 1626 
 1680 
 1776 
 1750 
 1687 
 1646 
 1655 
 1710 
 1766 
 1605 
 1724 
 1825 
 1692 
 1665 
 1669 
 1717 
 1614 
 1664 
 1733 
 1668 
 1752 
 1791 
 1783 
 1764 
 1754 
 1728 
 1622 
 1793 
 1735 
 1637 
 1752 
 1645 
 1719 
 1680 
 1763 
 1715 
 1708 
 1691 
 1760 
 1676 
 1739 
 1700 
 1762 
 1716 
 1703 
 1749 
 1692 
 1733 
 1685 
 1810 
 1782 
 1588 
 1714 
 1696 
 1698 
 1671 
 1697 

start bubblesort with arraysize 512

start bubblesort with sorted values, arraysize512 
 2756 
 2756 
 2756 
 2756 
 2756 
 2756 
 2756 
 2756 
 2756 
 2756 
 2756 
 2756 
 2756 
 2756 
 2756 
 2756 
 2756 
 2756 
 2756 
 2756 
 2756 
 2756 
 2756 
 2756 
 2756 
 2756 
 2756 
 2756 
 2756 
 2756 
 2756 
 2756 
 2756 
 2756 
 2756 
 2756 
 2756 
 2756 
 2756 
 2756 
 2756 
 2756 
 2756 
 2756 
 2756 
 2756 
 2756 
 2756 
 2756 
 2756 
 2756 
 2756 
 2756 
 2756 
 2756 
 2756 
 2756 
 2756 
 2756 
 2756 
 2756 
 2756 
 2756 
 2756 
 2756 
 2756 
 2756 
 2756 
 2756 
 2756 
 2756 
 2756 
 2756 
 2756 
 2756 
 2756 
 2756 
 2756 
 2756 
 2756 
 2756 
 2756 
 2756 
 2756 
 2756 
 2756 
 2756 
 2756 
 2756 
 2756 
 2756 
 2756 
 2756 
 2756 
 2756 
 2756 
 2756 
 2756 
 2756 
 2756 
start bubblesort with unsorted values, arraysize 512 
 1892 
 2052 
 2230 
 2098 
 2336 
 2396 
 2061 
 1843 
 2284 
 2210 
 2107 
 1875 
 1871 
 2077 
 2565 
 2031 
 2617 
 1939 
 2102 
 2341 
 2199 
 1996 
 2229 
 2142 
 2116 
 2079 
 2385 
 2289 
 2395 
 1980 
 2152 
 2715 
 2314 
 1941 
 2361 
 2444 
 2237 
 2126 
 2052 
 2373 
 1840 
 1798 
 2240 
 2040 
 2229 
 1994 
 2215 
 2227 
 2192 
 1731 
 1945 
 1967 
 2389 
 2454 
 2135 
 2247 
 2163 
 2006 
 2076 
 1901 
 2294 
 2007 
 2187 
 2102 
 2468 
 2341 
 2214 
 2001 
 2248 
 2404 
 2215 
 2534 
 2301 
 2227 
 2058 
 1958 
 1860 
 2242 
 2264 
 2213 
 1970 
 2217 
 1929 
 2002 
 2418 
 2091 
 2293 
 2517 
 2140 
 2311 
 2314 
 2157 
 2063 
 2073 
 2146 
 2243 
 2064 
 2076 
 2088 
 2206 

start bubblesort with arraysize 64

start bubblesort with sorted values, arraysize64 
 249 
 249 
 249 
 249 
 249 
 249 
 249 
 249 
 249 
 249 
 249 
 249 
 249 
 249 
 249 
 249 
 249 
 249 
 249 
 249 
 249 
 249 
 249 
 249 
 249 
 249 
 249 
 249 
 249 
 249 
 249 
 249 
 249 
 249 
 249 
 249 
 249 
 249 
 249 
 249 
 249 
 249 
 249 
 249 
 249 
 249 
 249 
 249 
 249 
 249 
 249 
 249 
 249 
 249 
 249 
 249 
 249 
 249 
 249 
 249 
 249 
 249 
 249 
 249 
 249 
 249 
 249 
 249 
 249 
 249 
 249 
 249 
 249 
 249 
 249 
 249 
 249 
 249 
 249 
 249 
 249 
 249 
 249 
 249 
 249 
 249 
 249 
 249 
 249 
 249 
 249 
 249 
 249 
 249 
 249 
 249 
 249 
 249 
 249 
 249 
start bubblesort with unsorted values, arraysize 64 
 385 
 381 
 384 
 400 
 400 
 404 
 401 
 390 
 392 
 399 
 398 
 382 
 411 
 400 
 391 
 396 
 390 
 397 
 383 
 398 
 395 
 408 
 399 
 386 
 393 
 392 
 395 
 405 
 393 
 401 
 391 
 398 
 398 
 389 
 395 
 387 
 383 
 390 
 392 
 392 
 397 
 377 
 386 
 386 
 395 
 375 
 398 
 381 
 390 
 386 
 400 
 386 
 398 
 380 
 395 
 399 
 389 
 387 
 394 
 407 
 381 
 386 
 403 
 396 
 401 
 403 
 407 
 392 
 403 
 381 
 393 
 390 
 392 
 383 
 390 
 398 
 390 
 394 
 396 
 382 
 391 
 393 
 392 
 388 
 408 
 397 
 396 
 410 
 391 
 382 
 396 
 398 
 392 
 387 
 405 
 399 
 386 
 395 
 386 
 393 

start bubblesort with arraysize 128

start bubblesort with sorted values, arraysize128 
 985 
 985 
 985 
 985 
 985 
 985 
 985 
 985 
 985 
 985 
 985 
 985 
 985 
 985 
 985 
 985 
 985 
 985 
 985 
 985 
 985 
 985 
 985 
 985 
 985 
 985 
 985 
 985 
 985 
 985 
 985 
 985 
 985 
 985 
 985 
 985 
 985 
 985 
 985 
 985 
 985 
 985 
 985 
 985 
 985 
 985 
 985 
 985 
 985 
 985 
 985 
 985 
 985 
 985 
 985 
 985 
 985 
 985 
 985 
 985 
 985 
 985 
 985 
 985 
 985 
 985 
 985 
 985 
 985 
 985 
 985 
 985 
 985 
 985 
 985 
 985 
 985 
 985 
 985 
 985 
 985 
 985 
 985 
 985 
 985 
 985 
 985 
 985 
 985 
 985 
 985 
 985 
 985 
 985 
 985 
 985 
 985 
 985 
 985 
 985 
start bubblesort with unsorted values, arraysize 128 
 1518 
 1527 
 1541 
 1539 
 1514 
 1566 
 1535 
 1515 
 1542 
 1540 
 1525 
 1538 
 1527 
 1569 
 1522 
 1530 
 1517 
 1525 
 1516 
 1547 
 1556 
 1520 
 1497 
 1545 
 1517 
 1542 
 1550 
 1568 
 1525 
 1534 
 1527 
 1562 
 1478 
 1558 
 1521 
 1539 
 1517 
 1547 
 1555 
 1512 
 1564 
 1548 
 1548 
 1565 
 1564 
 1557 
 1530 
 1530 
 1534 
 1534 
 1548 
 1512 
 1557 
 1528 
 1509 
 1552 
 1521 
 1524 
 1542 
 1552 
 1522 
 1546 
 1532 
 1516 
 1551 
 1560 
 1547 
 1558 
 1531 
 1504 
 1539 
 1556 
 1550 
 1516 
 1545 
 1564 
 1535 
 1485 
 1554 
 1506 
 1536 
 1583 
 1515 
 1534 
 1540 
 1553 
 1550 
 1542 
 1580 
 1534 
 1514 
 1508 
 1514 
 1510 
 1532 
 1496 
 1548 
 1556 
 1543 
 1541 

start bubblesort with arraysize 256

start bubblesort with sorted values, arraysize256 
 3920 
 3920 
 3920 
 3920 
 3920 
 3920 
 3920 
 3920 
 3920 
 3920 
 3920 
 3920 
 3920 
 3920 
 3920 
 3920 
 3920 
 3920 
 3920 
 3920 
 3920 
 3920 
 3920 
 3920 
 3920 
 3920 
 3920 
 3920 
 3920 
 3920 
 3920 
 3920 
 3920 
 3920 
 3920 
 3920 
 3920 
 3920 
 3920 
 3920 
 3920 
 3920 
 3920 
 3920 
 3920 
 3920 
 3920 
 3920 
 3920 
 3920 
 3920 
 3920 
 3920 
 3920 
 3920 
 3920 
 3920 
 3920 
 3920 
 3920 
 3920 
 3920 
 3920 
 3920 
 3920 
 3920 
 3920 
 3920 
 3920 
 3920 
 3920 
 3920 
 3920 
 3920 
 3920 
 3920 
 3920 
 3920 
 3920 
 3920 
 3920 
 3920 
 3920 
 3920 
 3920 
 3920 
 3920 
 3920 
 3920 
 3920 
 3920 
 3920 
 3920 
 3920 
 3920 
 3920 
 3920 
 3920 
 3920 
 3920 
start bubblesort with unsorted values, arraysize 256 
 1760 
 1627 
 1787 
 1775 
 1663 
 1651 
 1665 
 1722 
 1668 
 1707 
 1648 
 1635 
 1689 
 1648 
 1808 
 1717 
 1773 
 1720 
 1730 
 1782 
 1698 
 1841 
 1770 
 1719 
 1627 
 1667 
 1607 
 1682 
 1700 
 1699 
 1820 
 1685 
 1688 
 1758 
 1654 
 1631 
 1773 
 1720 
 1729 
 1652 
 1697 
 1747 
 1676 
 1626 
 1680 
 1776 
 1750 
 1687 
 1646 
 1655 
 1710 
 1766 
 1605 
 1724 
 1825 
 1692 
 1665 
 1669 
 1717 
 1614 
 1664 
 1733 
 1668 
 1752 
 1791 
 1783 
 1764 
 1754 
 1728 
 1622 
 1793 
 1735 
 1637 
 1752 
 1645 
 1719 
 1680 
 1763 
 1715 
 1708 
 1691 
 1760 
 1676 
 1739 
 1700 
 1762 
 1716 
 1703 
 1749 
 1692 
 1733 
 1685 
 1810 
 1782 
 1588 
 1714 
 1696 
 1698 
 1671 
 1697 

start bubblesort with arraysize 512

start bubblesort with sorted values, arraysize512 
 2756 
 2756 
 2756 
 2756 
 2756 
 2756 
 2756 
 2756 
 2756 
 2756 
 2756 
 2756 
 2756 
 2756 
 2756 
 2756 
 2756 
 2756 
 2756 
 2756 
 2756 
 2756 
 2756 
 2756 
 2756 
 2756 
 2756 
 2756 
 2756 
 2756 
 2756 
 2756 
 2756 
 2756 
 2756 
 2756 
 2756 
 2756 
 2756 
 2756 
 2756 
 2756 
 2756 
 2756 
 2756 
 2756 
 2756 
 2756 
 2756 
 2756 
 2756 
 2756 
 2756 
 2756 
 2756 
 2756 
 2756 
 2756 
 2756 
 2756 
 2756 
 2756 
 2756 
 2756 
 2756 
 2756 
 2756 
 2756 
 2756 
 2756 
 2756 
 2756 
 2756 
 2756 
 2756 
 2756 
 2756 
 2756 
 2756 
 2756 
 2756 
 2756 
 2756 
 2756 
 2756 
 2756 
 2756 
 2756 
 2756 
 2756 
 2756 
 2756 
 2756 
 2756 
 2756 
 2756 
 2756 
 2756 
 2756 
 2756 
start bubblesort with unsorted values, arraysize 512 
 1892 
 2052 
 2230 
 2098 
 2336 
 2396 
 2061 
 1843 
 2284 
 2210 
 2107 
 1875 
 1871 
 2077 
 2565 
 2031 
 2617 
 1939 
 2102 
 2341 
 2199 
 1996 
 2229 
 2142 
 2116 
 2079 
 2385 
 2289 
 2395 
 1980 
 2152 
 2715 
 2314 
 1941 
 2361 
 2444 
 2237 
 2126 
 2052 
 2373 
 1840 
 1798 
 2240 
 2040 
 2229 
 1994 
 2215 
 2227 
 2192 
 1731 
 1945 
 1967 
 2389 
 2454 
 2135 
 2247 
 2163 
 2006 
 2076 
 1901 
 2294 
 2007 
 2187 
 2102 
 2468 
 2341 
 2214 
 2001 
 2248 
 2404 
 2215 
 2534 
 2301 
 2227 
 2058 
 1958 
 1860 
 2242 
 2264 
 2213 
 1970 
 2217 
 1929 
 2002 
 2418 
 2091 
 2293 
 2517 
 2140 
 2311 
 2314 
 2157 
 2063 
 2073 
 2146 
 2243 
 2064 
 2076 
 2088 
 2206 
